Time	Acceleration - Dev3_ai0	Acceleration - Dev3_ai1	Acceleration - Dev3_ai2
0.000000E+0	5.191921E-3	5.294347E-3	2.026807E-3
6.054687E-4	3.129533E-3	8.215080E-4	6.663220E-4
1.210937E-3	6.180403E-3	7.906046E-3	2.722302E-3
1.816406E-3	3.495638E-3	4.537687E-3	2.545378E-3
2.421875E-3	3.031906E-3	5.703188E-3	1.880387E-3
3.027344E-3	2.787836E-3	3.646780E-3	4.046182E-3
3.632812E-3	2.116645E-3	5.800822E-3	4.229207E-3
4.238281E-3	4.563442E-3	5.324858E-3	2.240336E-3
4.843750E-3	4.746494E-3	9.022730E-3	2.325748E-3
5.449219E-3	2.922074E-3	3.012162E-3	-6.026507E-4
6.054688E-3	3.166144E-3	3.640678E-3	1.014069E-3
6.660156E-3	4.545137E-3	8.174539E-3	3.057847E-3
7.265625E-3	1.012230E-3	1.925988E-3	-3.403150E-4
7.871094E-3	4.831919E-3	7.295836E-3	2.179328E-3
8.476562E-3	3.623774E-3	6.301194E-3	5.852027E-3
9.082031E-3	3.886149E-3	5.916762E-3	1.904790E-3
9.687500E-3	7.364141E-3	9.309529E-3	4.839290E-3
1.029297E-2	5.130904E-3	8.107415E-3	3.161561E-3
1.089844E-2	4.136320E-3	2.906253E-4	1.825480E-3
1.150391E-2	4.490221E-3	8.491848E-3	5.370062E-3
1.210938E-2	1.109857E-3	2.603321E-3	2.191529E-3
1.271484E-2	3.275975E-3	5.617759E-3	2.270622E-4
1.332031E-2	3.422417E-3	4.720750E-3	1.190993E-3
1.392578E-2	4.374288E-3	5.672678E-3	2.496571E-3
1.453125E-2	6.534304E-3	1.082285E-2	4.442736E-3
1.513672E-2	4.947852E-3	8.906791E-3	2.252538E-3
1.574219E-2	3.233263E-3	2.249399E-3	-4.745332E-4
1.634766E-2	4.166829E-3	4.366828E-3	3.405595E-3
1.695312E-2	2.464444E-3	4.525483E-3	3.002940E-3
1.755859E-2	1.659014E-3	3.115898E-3	-1.048011E-3
1.816406E-2	7.736347E-3	9.431571E-3	2.118320E-3
1.876953E-2	2.726819E-3	2.475177E-3	2.728403E-3
1.937500E-2	4.868529E-3	2.371441E-3	2.612487E-3
1.998047E-2	8.206181E-3	9.675655E-3	7.401638E-3
2.058594E-2	2.781734E-3	6.819872E-3	1.142187E-3
2.119141E-2	4.179033E-3	1.163226E-3	7.432340E-6
2.179688E-2	5.612942E-3	9.175283E-3	5.650700E-3
2.240234E-2	2.427833E-3	1.334084E-3	2.459966E-3
2.300781E-2	3.941065E-3	7.362959E-3	6.233981E-5
2.361328E-2	5.179718E-3	7.680268E-3	3.289679E-3
2.421875E-2	3.904454E-3	1.157124E-3	1.197094E-3
2.482422E-2	4.911241E-3	5.337062E-3	4.698971E-3
2.542969E-2	6.357354E-3	1.023095E-2	6.449909E-3
2.603516E-2	2.812243E-3	2.371441E-3	-8.954905E-4
2.664063E-2	4.996666E-3	3.555249E-3	2.807713E-3
2.724609E-2	5.643450E-3	4.372930E-3	3.930266E-3
2.785156E-2	5.100395E-3	4.098336E-3	2.490470E-3
2.845703E-2	7.919399E-3	1.081675E-2	3.619124E-3
2.906250E-2	3.367501E-3	2.041928E-3	8.188427E-4
2.966797E-2	5.631247E-3	4.958732E-3	1.916992E-3
3.027344E-2	4.349881E-3	6.197458E-3	4.271913E-3
3.087891E-2	3.385806E-3	8.119620E-3	3.009041E-3
3.148438E-2	3.544452E-3	6.612401E-3	2.508773E-3
3.208984E-2	2.311900E-3	4.586504E-3	3.265276E-3
3.269531E-2	2.165458E-3	2.188378E-3	2.051210E-3
3.330078E-2	4.911241E-3	6.990731E-3	2.954133E-3
3.390625E-2	3.202754E-3	5.648269E-3	2.289143E-3
3.451172E-2	2.336307E-3	1.779538E-3	1.569245E-3
3.511719E-2	7.052952E-3	8.021986E-3	5.937439E-3
3.572266E-2	5.204125E-3	7.472797E-3	3.356788E-3
3.632813E-2	6.473287E-3	5.623861E-3	-1.896027E-3
3.693359E-2	6.003453E-3	9.077649E-3	5.455474E-3
3.753906E-2	3.568859E-3	4.684137E-3	2.130521E-3
3.814453E-2	1.628505E-3	-1.088449E-3	-1.054112E-3
3.875000E-2	4.435306E-3	9.394959E-3	1.471632E-3
3.935547E-2	6.949391E-4	1.199838E-3	-5.357596E-5
3.996094E-2	2.781734E-3	3.909171E-3	1.752270E-3
4.056641E-2	4.929547E-3	5.782515E-3	5.278549E-3
4.117187E-2	3.812928E-3	6.838179E-3	1.697362E-3
4.177734E-2	3.770216E-3	7.308040E-3	3.777745E-3
4.238281E-2	4.886834E-3	8.076905E-3	5.040617E-3
4.298828E-2	5.826502E-3	3.726108E-3	1.886488E-3
4.359375E-2	6.821086E-3	6.392725E-3	1.264203E-3
4.419922E-2	4.307169E-3	4.415645E-3	8.859519E-4
4.480469E-2	3.574960E-3	3.396594E-3	1.306909E-3
4.541016E-2	7.907196E-3	9.639043E-3	6.498715E-3
4.601562E-2	3.349196E-3	4.427849E-3	2.209832E-3
4.662109E-2	4.941750E-3	7.594839E-3	8.432461E-4
4.722656E-2	2.037322E-3	5.324858E-3	3.753342E-3
4.783203E-2	4.630730E-4	2.987754E-3	1.508237E-3
4.843750E-2	2.092238E-3	3.665087E-3	2.398958E-3
4.904297E-2	3.221059E-3	5.941170E-3	1.514337E-3
4.964844E-2	1.195282E-3	-1.710863E-3	-1.505573E-3
5.025391E-2	5.606840E-3	6.838179E-3	4.027879E-3
5.085937E-2	4.874631E-3	6.197458E-3	5.974044E-3
5.146484E-2	5.393279E-3	4.574300E-3	-3.281133E-4
5.207031E-2	7.498379E-3	6.673422E-3	1.953597E-3
5.267578E-2	5.320058E-3	7.234815E-3	5.217541E-3
5.328125E-2	3.800725E-3	2.951141E-3	2.581983E-3
5.388672E-2	4.380390E-3	8.772544E-3	4.741676E-3
5.449219E-2	5.082090E-3	6.813770E-3	1.319111E-3
5.509766E-2	2.183764E-3	3.866456E-3	6.968261E-4
5.570312E-2	3.867844E-3	8.058599E-3	5.217541E-3
5.630859E-2	3.312586E-3	4.104438E-3	2.167126E-3
5.691406E-2	4.014286E-3	7.161590E-3	8.615485E-4
5.751953E-2	3.745809E-3	6.087620E-3	5.223642E-3
5.812500E-2	2.665801E-3	3.683393E-3	2.154925E-3
5.873047E-2	5.374974E-3	4.427849E-3	3.442200E-3
5.933594E-2	6.412269E-3	7.448389E-3	2.197630E-3
5.994141E-2	2.543766E-3	-9.664073E-4	-7.002639E-4
6.054687E-2	7.364141E-3	9.266814E-3	4.637962E-3
6.115234E-2	3.465129E-3	1.169328E-3	1.557043E-3
6.175781E-2	6.479389E-3	6.459848E-3	1.496035E-3
6.236328E-2	6.821086E-3	9.340040E-3	5.717809E-3
6.296875E-2	1.903084E-3	2.353135E-3	2.154925E-3
6.357422E-2	6.131589E-3	8.003680E-3	4.552551E-3
6.417969E-2	4.282762E-3	9.303427E-3	5.217541E-3
6.478516E-2	8.535843E-4	1.327982E-3	-2.536614E-3
6.539062E-2	3.221059E-3	4.537687E-3	2.996839E-3
6.599609E-2	5.667857E-3	7.124977E-3	5.784918E-3
6.660156E-2	2.177662E-3	3.943610E-4	-1.560481E-3
6.720703E-2	5.826502E-3	8.052497E-3	1.593648E-3
6.781250E-2	6.143793E-3	5.587248E-3	5.424969E-3
6.841797E-2	3.495638E-3	3.140306E-3	2.222034E-3
6.902344E-2	6.821086E-3	7.649758E-3	4.881996E-3
6.962891E-2	5.088192E-3	8.607788E-3	1.862085E-3
7.023438E-2	3.294280E-3	1.022877E-3	-1.096818E-3
7.083984E-2	2.812243E-3	4.964834E-3	3.704535E-3
7.144531E-2	1.274604E-3	1.132715E-3	2.136622E-3
7.205078E-2	4.990564E-3	7.716881E-3	1.916992E-3
7.265625E-2	3.520045E-3	9.510898E-3	2.618588E-3
7.326172E-2	2.507156E-3	2.603321E-3	1.794976E-3
7.386719E-2	6.857696E-3	7.478899E-3	5.034516E-3
7.447266E-2	3.349196E-3	5.806924E-3	3.966871E-3
7.507812E-2	4.349881E-3	4.787873E-3	-1.389658E-3
7.568359E-2	5.057683E-3	5.599452E-3	3.625225E-3
7.628906E-2	3.135635E-3	4.128846E-3	3.814350E-3
7.689453E-2	3.696995E-3	3.298961E-3	1.630253E-3
7.750000E-2	5.063785E-3	1.064589E-2	2.783310E-3
7.810547E-2	1.933592E-3	1.864967E-3	9.286577E-4
7.871094E-2	6.332947E-3	8.845770E-3	5.565288E-3
7.931641E-2	3.635978E-3	7.808413E-3	6.596329E-3
7.992188E-2	1.634607E-3	5.532329E-3	1.593648E-3
8.052734E-2	4.301067E-3	5.477410E-3	1.642455E-3
8.113281E-2	3.056312E-3	6.771056E-3	4.509845E-3
8.173828E-2	1.597997E-3	1.187634E-3	9.835651E-4
8.234375E-2	3.330891E-3	5.843536E-3	4.100871E-4
8.294922E-2	6.052267E-3	7.692473E-3	8.676494E-4
8.355469E-2	3.764114E-3	2.273808E-3	-3.527347E-5
8.416016E-2	5.930232E-3	7.192100E-3	5.882532E-3
8.476562E-2	4.947852E-3	7.381266E-3	5.638498E-3
8.537109E-2	3.599367E-3	6.905302E-3	-2.793067E-4
8.597656E-2	4.563442E-3	6.728341E-3	3.423897E-3
8.658203E-2	2.726819E-3	4.061723E-3	3.417796E-3
8.718750E-2	2.885464E-3	1.319707E-4	1.563144E-3
8.779297E-2	4.764800E-3	7.985373E-3	2.295244E-3
8.839844E-2	2.848853E-3	1.907682E-3	2.514655E-4
8.900391E-2	6.363456E-3	8.424725E-3	4.735576E-3
8.960938E-2	6.082776E-3	7.808413E-3	7.297924E-3
9.021484E-2	5.039378E-3	6.002191E-3	1.801076E-3
9.082031E-2	5.661755E-3	7.485001E-3	1.996303E-3
9.142578E-2	2.385121E-3	2.322625E-3	1.770572E-3
9.203125E-2	4.709884E-3	2.841303E-3	2.612487E-3
9.263672E-2	4.978361E-3	4.055621E-3	3.094452E-3
9.324219E-2	5.588535E-3	4.842792E-3	1.221498E-3
9.384766E-2	3.422417E-3	2.523994E-3	2.264739E-3
9.445312E-2	6.192607E-3	8.534562E-3	6.181472E-3
9.505859E-2	4.947852E-3	2.298216E-3	3.356788E-3
9.566406E-2	7.126173E-3	7.558226E-3	7.578344E-4
9.626953E-2	6.229217E-3	7.771800E-3	4.467139E-3
9.687500E-2	3.166144E-3	4.720750E-3	2.887024E-3
9.748047E-2	5.027174E-3	2.615525E-3	3.179864E-3
9.808594E-2	4.484120E-3	8.809157E-3	3.277477E-3
9.869141E-2	2.909871E-3	2.884018E-3	1.337413E-3
9.929687E-2	4.191236E-3	7.137182E-3	3.832653E-3
9.990234E-2	3.568859E-3	3.927477E-3	3.625225E-3
1.005078E-1	6.229217E-3	7.454491E-3	1.374018E-3
1.011133E-1	7.089563E-3	9.077649E-3	3.972972E-3
1.017187E-1	3.428519E-3	6.783260E-3	4.467139E-3
1.023242E-1	4.069201E-3	3.610168E-3	3.405595E-3
1.029297E-1	4.917343E-3	6.099825E-3	3.680132E-3
1.035352E-1	4.008184E-3	4.220378E-3	-5.965498E-4
1.041406E-1	3.831233E-3	3.237940E-3	1.270304E-3
1.047461E-1	5.564128E-3	9.657349E-3	6.181472E-3
1.053516E-1	5.051581E-3	4.141050E-3	1.849883E-3
1.059570E-1	8.084146E-3	1.319046E-2	2.899226E-3
1.065625E-1	3.343094E-3	6.203560E-3	3.783846E-3
1.071680E-1	2.366816E-3	4.909915E-3	2.649092E-3
1.077734E-1	2.763429E-3	4.488870E-3	3.960770E-3
1.083789E-1	2.330205E-3	6.649014E-3	1.855984E-3
1.089844E-1	2.726819E-3	3.164714E-3	4.771963E-4
1.095898E-1	4.209541E-3	8.198947E-3	5.315154E-3
1.101953E-1	3.501739E-3	5.361470E-3	4.198703E-3
1.108008E-1	5.826502E-3	7.216509E-3	1.996303E-3
1.114062E-1	8.285504E-3	9.877024E-3	3.454401E-3
1.120117E-1	3.282077E-3	1.651394E-3	1.715665E-3
1.126172E-1	4.044794E-3	5.276041E-3	3.295780E-3
1.132227E-1	2.757327E-3	3.689495E-3	2.148824E-3
1.138281E-1	1.787151E-3	3.140306E-3	-1.828917E-3
1.144336E-1	4.520730E-3	4.891609E-3	2.740604E-3
1.150391E-1	2.800039E-3	6.002191E-3	5.461574E-3
1.156445E-1	2.787836E-3	3.726108E-3	2.459966E-3
1.162500E-1	6.442778E-3	1.204937E-2	2.362353E-3
1.168555E-1	4.130219E-3	5.654371E-3	3.454401E-3
1.174609E-1	4.050896E-3	3.628474E-3	2.612487E-3
1.180664E-1	4.142422E-3	6.343909E-3	4.235308E-3
1.186719E-1	5.393279E-3	7.350755E-3	3.368772E-4
1.192773E-1	8.169571E-3	9.181385E-3	1.685161E-3
1.198828E-1	6.845493E-3	9.376652E-3	6.980681E-3
1.204883E-1	4.044794E-3	1.962601E-3	4.027879E-3
1.210937E-1	5.570229E-3	6.325602E-3	3.570317E-3
1.216992E-1	6.027860E-3	7.948761E-3	2.911427E-3
1.223047E-1	2.915972E-3	1.120511E-3	1.465531E-3
1.229102E-1	5.112599E-3	6.032701E-3	5.254146E-3
1.235156E-1	3.721402E-3	4.433951E-3	4.442736E-3
1.241211E-1	1.286808E-3	5.196714E-3	-7.368689E-4
1.247266E-1	3.898353E-3	4.708546E-3	3.582519E-3
1.253320E-1	4.050896E-3	3.604066E-3	4.271913E-3
1.259375E-1	3.404112E-3	1.980907E-3	2.826016E-3
1.265430E-1	5.619043E-3	1.121949E-2	3.265276E-3
1.271484E-1	6.412269E-3	6.264581E-3	9.225568E-4
1.277539E-1	7.956010E-3	4.861098E-3	1.758371E-3
1.283594E-1	6.644136E-3	4.580402E-3	5.223642E-3
1.289648E-1	1.823761E-3	1.730721E-3	3.307763E-4
1.295703E-1	6.088877E-3	7.405674E-3	1.203195E-3
1.301758E-1	3.501739E-3	2.914528E-3	2.154925E-3
1.307812E-1	2.141051E-3	-2.955692E-3	1.679060E-3
1.313867E-1	4.307169E-3	6.691728E-3	6.059456E-3
1.319922E-1	4.508527E-3	8.681013E-3	2.264739E-3
1.325977E-1	4.935648E-3	5.080774E-3	1.453329E-3
1.332031E-1	8.010925E-3	9.681757E-3	6.590228E-3
1.338086E-1	2.153255E-3	2.261604E-3	4.955205E-3
1.344141E-1	1.555284E-3	4.122744E-3	-2.060967E-4
1.350195E-1	6.784476E-3	8.552869E-3	3.301881E-3
1.356250E-1	2.653598E-3	3.701699E-3	-1.023826E-4
1.362305E-1	2.098339E-3	-9.990910E-5	7.883386E-4
1.368359E-1	6.387863E-3	1.023705E-2	4.595257E-3
1.374414E-1	3.379705E-3	3.335573E-3	-1.590985E-3
1.380469E-1	7.608211E-3	1.015162E-2	2.795512E-3
1.386523E-1	2.800039E-3	5.629963E-3	6.333993E-3
1.392578E-1	3.459027E-3	3.933579E-3	1.618051E-3
1.398633E-1	7.559397E-3	8.796953E-3	6.602212E-4
1.404688E-1	2.336307E-3	6.295092E-3	2.813814E-3
1.410742E-1	1.445453E-3	1.938192E-3	1.916992E-3
1.416797E-1	2.769531E-3	4.159357E-3	5.065020E-3
1.422852E-1	4.227847E-3	6.587993E-3	1.306909E-3
1.428906E-1	3.367501E-3	5.636065E-3	2.106118E-3
1.434961E-1	3.483434E-3	1.235448E-2	5.998447E-3
1.441016E-1	3.532248E-3	4.104438E-3	2.508773E-3
1.447070E-1	7.333632E-3	9.437673E-3	1.496035E-3
1.453125E-1	3.111228E-3	5.056365E-3	1.819379E-3
1.459180E-1	-2.508306E-4	3.140306E-3	7.090278E-4
1.465234E-1	3.050211E-3	2.804691E-3	2.893125E-3
1.471289E-1	4.063100E-3	5.233326E-3	8.432461E-4
1.477344E-1	2.854955E-3	3.366084E-3	-2.121975E-4
1.483398E-1	3.873946E-3	1.098761E-2	6.047254E-3
1.489453E-1	5.564128E-3	6.392725E-3	5.052819E-3
1.495508E-1	5.124802E-3	3.176919E-3	1.270304E-3
1.501562E-1	5.435991E-3	5.989987E-3	3.375091E-3
1.507617E-1	2.781734E-3	1.871069E-3	4.204803E-3
1.513672E-1	2.537665E-3	2.945039E-3	1.105582E-3
1.519727E-1	6.393964E-3	6.166948E-3	2.575882E-3
1.525781E-1	4.221745E-3	8.784749E-3	7.395319E-4
1.531836E-1	4.246152E-3	5.532329E-3	3.082251E-3
1.537891E-1	6.998037E-3	1.049334E-2	7.322328E-3
1.543945E-1	1.866473E-3	2.078541E-3	2.899226E-3
1.550000E-1	6.009555E-3	8.443031E-3	2.222034E-3
1.556055E-1	3.745809E-3	4.299705E-3	1.715665E-3
1.562109E-1	4.459713E-3	3.158612E-3	1.483833E-3
1.568164E-1	5.411584E-3	4.397339E-3	3.698434E-3
1.574219E-1	2.226476E-3	6.447644E-3	2.691798E-3
1.580273E-1	5.924130E-3	3.835945E-3	5.321037E-4
1.586328E-1	7.303124E-3	5.520125E-3	4.332921E-3
1.592383E-1	5.704468E-3	2.859609E-3	4.711172E-3
1.598438E-1	4.514628E-3	8.272172E-3	4.949105E-3
1.604492E-1	7.278717E-3	1.161002E-2	3.039545E-3
1.610547E-1	7.052952E-3	3.067081E-3	8.371452E-4
1.616602E-1	5.637348E-3	5.629963E-3	4.308517E-3
1.622656E-1	2.586478E-3	4.037315E-3	5.394465E-3
1.628711E-1	1.872575E-3	5.422491E-3	4.832971E-4
1.634766E-1	5.820401E-3	4.494972E-3	8.005402E-4
1.640820E-1	6.814984E-3	6.844281E-3	5.467675E-3
1.646875E-1	1.262401E-3	4.031213E-3	5.492079E-3
1.652930E-1	5.051581E-3	9.156977E-3	3.576418E-3
1.658984E-1	6.699051E-3	6.435440E-3	9.713635E-4
1.665039E-1	4.392594E-3	2.725363E-3	1.020170E-3
1.671094E-1	3.745809E-3	5.019753E-3	4.168198E-3
1.677148E-1	2.153255E-3	3.378288E-3	2.215933E-3
1.683203E-1	6.155996E-3	5.404185E-3	-1.304246E-3
1.689258E-1	2.134950E-3	3.945783E-3	8.676494E-4
1.695312E-1	3.825132E-3	7.765698E-3	5.473776E-3
1.701367E-1	5.014971E-3	4.665831E-3	4.711172E-3
1.707422E-1	5.405482E-3	9.144772E-3	2.514873E-3
1.713477E-1	2.141051E-3	4.488870E-3	1.453329E-3
1.719531E-1	3.654283E-3	8.790851E-3	5.565288E-3
1.725586E-1	4.715986E-3	3.292859E-3	3.893661E-3
1.731641E-1	5.649552E-3	6.392725E-3	6.602212E-4
1.737695E-1	4.783105E-3	7.417878E-3	2.954133E-3
1.743750E-1	1.445453E-3	4.458360E-3	2.685697E-3
1.749805E-1	4.362085E-3	3.439309E-3	3.808249E-3
1.755859E-1	7.181089E-3	9.089854E-3	4.729475E-3
1.761914E-1	3.745809E-3	5.404185E-3	1.880387E-3
1.767969E-1	3.605469E-3	6.813770E-3	3.832653E-3
1.774023E-1	5.521415E-3	7.039548E-3	4.595257E-3
1.780078E-1	2.061729E-3	-2.524616E-4	1.294489E-4
1.786133E-1	4.508527E-3	7.954863E-3	1.203195E-3
1.792188E-1	1.469860E-3	4.391237E-3	3.185965E-3
1.798242E-1	4.404797E-3	4.891609E-3	1.715665E-3
1.804297E-1	6.955324E-3	6.154743E-3	3.637426E-3
1.810352E-1	5.930232E-3	9.291223E-3	2.264739E-3
1.816406E-1	3.794623E-3	3.152510E-3	1.233699E-3
1.822461E-1	4.240050E-3	6.734443E-3	3.911964E-3
1.828516E-1	3.117330E-3	8.886311E-4	2.356252E-3
1.834570E-1	5.021073E-3	6.612401E-3	1.819379E-3
1.840625E-1	5.283448E-3	6.472053E-3	3.222570E-3
1.846680E-1	3.764114E-3	6.081518E-3	2.783310E-3
1.852734E-1	4.935648E-3	5.690984E-3	4.241408E-3
1.858789E-1	3.855640E-3	4.507176E-3	2.398958E-3
1.864844E-1	4.233948E-3	4.610912E-3	1.483833E-3
1.870898E-1	3.800725E-3	8.058599E-3	5.034516E-3
1.876953E-1	2.787836E-3	4.208174E-3	3.405595E-3
1.883008E-1	4.410899E-3	5.770311E-3	2.356252E-3
1.889062E-1	3.825132E-3	4.867200E-3	1.353317E-5
1.895117E-1	2.537665E-3	8.398143E-4	2.758689E-4
1.901172E-1	5.472602E-3	4.403441E-3	2.283042E-3
1.907227E-1	6.058369E-3	7.009037E-3	4.546450E-3
1.913281E-1	4.465814E-3	7.790106E-3	1.447228E-3
1.919336E-1	5.515314E-3	7.137182E-3	2.466067E-3
1.925391E-1	7.071257E-3	9.651247E-3	6.535320E-3
1.931445E-1	2.952583E-3	2.969447E-3	2.398958E-3
1.937500E-1	4.532934E-3	4.678035E-3	2.612487E-3
1.943555E-1	5.228532E-3	4.385134E-3	1.465531E-3
1.949609E-1	5.411584E-3	3.390492E-3	9.774643E-4
1.955664E-1	7.187190E-3	8.327091E-3	5.967943E-3
1.961719E-1	3.776318E-3	6.649014E-3	3.869258E-3
1.967773E-1	6.888205E-3	8.479644E-3	1.459430E-3
1.973828E-1	5.283448E-3	6.758851E-3	4.174299E-3
1.979883E-1	2.732920E-3	3.366084E-3	3.246973E-3
1.985937E-1	3.977675E-3	5.178407E-3	4.491542E-3
1.991992E-1	3.428519E-3	5.813026E-3	9.042544E-4
1.998047E-1	5.179718E-3	1.297472E-3	-3.281133E-4
2.004102E-1	6.015656E-3	9.950250E-3	4.204803E-3
2.010156E-1	3.788521E-3	5.770311E-3	4.485442E-3
2.016211E-1	3.703097E-3	4.928221E-3	2.514655E-4
2.022266E-1	6.040063E-3	4.202071E-3	2.478268E-3
2.028320E-1	2.360714E-3	5.099080E-3	3.497107E-3
2.034375E-1	2.275290E-3	4.501074E-3	4.497643E-3
2.040430E-1	5.747180E-3	1.022484E-2	2.862621E-3
2.046484E-1	5.222430E-3	3.060979E-3	-9.503980E-4
2.052539E-1	3.831233E-3	3.774924E-3	2.826016E-3
2.058594E-1	1.311215E-3	5.782515E-3	6.169271E-3
2.064648E-1	2.263086E-3	4.379032E-3	1.160489E-3
2.070703E-1	7.425158E-3	7.869434E-3	-1.096818E-3
2.076758E-1	4.801410E-3	8.095211E-3	3.930266E-3
2.082813E-1	4.514628E-3	7.222611E-3	4.418332E-3
2.088867E-1	3.404112E-3	7.185998E-3	4.302417E-3
2.094922E-1	6.332947E-3	1.042011E-2	3.082251E-3
2.100977E-1	1.945796E-3	-2.524616E-4	6.114145E-4
2.107031E-1	2.976990E-3	5.330960E-3	5.144331E-3
2.113086E-1	2.781734E-3	2.157868E-3	3.905863E-3
2.119141E-1	3.715300E-3	5.391981E-3	-1.706901E-3
2.125195E-1	6.040063E-3	8.613890E-3	2.344050E-3
2.131250E-1	2.873260E-3	4.409543E-3	2.941932E-3
2.137305E-1	5.100395E-3	3.195225E-3	4.546450E-3
2.143359E-1	4.301067E-3	6.911404E-3	2.045110E-3
2.149414E-1	2.970888E-3	5.044161E-3	-1.087015E-5
2.155469E-1	3.245466E-3	3.915273E-3	2.283042E-3
2.161523E-1	2.909871E-3	7.116702E-4	2.588083E-3
2.167578E-1	3.379705E-3	4.470564E-3	2.246437E-3
2.173633E-1	3.916658E-3	8.497950E-3	1.935295E-3
2.179687E-1	3.068516E-3	5.867945E-3	3.777745E-3
2.185742E-1	4.960055E-3	1.724619E-3	2.276941E-3
2.191797E-1	6.882103E-3	8.693217E-3	7.474848E-3
2.197852E-1	1.738337E-3	7.655860E-3	1.477732E-3
2.203906E-1	3.196652E-3	4.281399E-3	-1.145843E-4
2.209961E-1	7.589905E-3	7.485001E-3	4.473240E-3
2.216016E-1	2.238679E-3	-1.027428E-3	1.215397E-3
2.222070E-1	4.862428E-3	6.539176E-3	8.676494E-4
2.228125E-1	6.009555E-3	8.912893E-3	3.204267E-3
2.234180E-1	4.862428E-3	2.035826E-3	4.344904E-4
2.240234E-1	4.813614E-3	4.104438E-3	3.771644E-3
2.246289E-1	5.381075E-3	9.779391E-3	6.748849E-3
2.252344E-1	2.806141E-3	5.758107E-3	3.793649E-5
2.258398E-1	5.649552E-3	6.343909E-3	2.618588E-3
2.264453E-1	5.173616E-3	5.806924E-3	4.284114E-3
2.270508E-1	3.459027E-3	-2.402574E-4	2.514873E-3
2.276563E-1	7.345836E-3	1.122559E-2	4.485442E-3
2.282617E-1	5.246837E-3	5.892353E-3	2.887024E-3
2.288672E-1	6.998037E-3	6.990731E-3	1.862085E-3
2.294727E-1	5.759383E-3	9.217998E-3	6.718345E-3
2.300781E-1	4.081405E-3	9.584124E-3	2.429462E-3
2.306836E-1	5.350567E-3	4.940426E-3	-6.636590E-4
2.312891E-1	3.477333E-3	7.173794E-3	3.204267E-3
2.318945E-1	6.583286E-4	-6.939860E-5	3.765544E-3
2.325000E-1	2.153255E-3	3.176919E-3	2.490470E-3
2.331055E-1	3.556655E-3	1.504943E-3	9.284396E-5
2.337109E-1	2.598682E-3	2.969447E-3	6.846245E-4
2.343164E-1	5.863113E-3	7.973169E-3	5.736112E-3
2.349219E-1	4.496323E-3	5.465206E-3	3.966871E-3
2.355273E-1	5.472602E-3	3.738312E-3	-2.121975E-4
2.361328E-1	7.467870E-3	7.405674E-3	4.753878E-3
2.367383E-1	1.036637E-3	3.982396E-3	3.789947E-3
2.373437E-1	3.288179E-3	1.913784E-3	2.575882E-3
2.379492E-1	7.095664E-3	9.260712E-3	2.466067E-3
2.385547E-1	2.879362E-3	2.023622E-3	-8.466839E-4
2.391602E-1	4.752596E-3	7.838923E-3	3.936367E-3
2.397656E-1	3.190551E-3	7.912148E-3	5.784918E-3
2.403711E-1	4.789207E-3	5.538431E-3	1.624152E-3
2.409766E-1	4.581747E-3	6.325602E-3	1.648556E-3
2.415820E-1	1.366130E-3	8.302683E-3	5.296852E-3
2.421875E-1	2.714615E-3	1.266961E-3	2.203731E-3
2.427930E-1	4.746494E-3	4.806179E-3	1.837681E-3
2.433984E-1	5.246837E-3	4.751260E-3	3.793649E-5
2.440039E-1	4.471916E-3	4.379032E-3	2.289143E-3
2.446094E-1	5.966842E-3	7.802310E-3	5.967943E-3
2.452148E-1	4.917343E-3	3.384390E-3	2.203731E-3
2.458203E-1	4.258355E-3	4.842792E-3	-3.281133E-4
2.464258E-1	4.941750E-3	1.153680E-2	6.096061E-3
2.470313E-1	2.598682E-3	8.211151E-3	3.094452E-3
2.476367E-1	3.983777E-3	4.305807E-3	1.252002E-3
2.482422E-1	4.398695E-3	6.716137E-3	1.825480E-3
2.488477E-1	2.495121E-4	1.602577E-3	1.014069E-3
2.494531E-1	3.202754E-3	6.160846E-3	3.643527E-3
2.500586E-1	3.880047E-3	4.757363E-3	4.772181E-3
2.506641E-1	4.673274E-3	7.295836E-3	1.563144E-3
2.512695E-1	6.113284E-3	1.031638E-2	4.052283E-3
2.518750E-1	2.940379E-3	7.027344E-3	4.137694E-3
2.524805E-1	5.222430E-3	1.706313E-3	9.408593E-4
2.530859E-1	4.343780E-3	5.880149E-3	4.162098E-3
2.536914E-1	1.500369E-3	1.712415E-3	-4.806341E-4
2.542969E-1	4.209541E-3	1.657496E-3	1.935295E-3
2.549023E-1	7.254310E-3	8.681013E-3	6.602430E-3
2.555078E-1	3.361399E-3	4.494972E-3	1.953597E-3
2.561133E-1	4.191236E-3	9.102058E-3	2.057311E-3
2.567187E-1	5.991249E-3	5.160101E-3	2.941932E-3
2.573242E-1	5.631247E-3	2.493483E-3	1.062876E-3
2.579297E-1	3.666486E-3	6.264581E-3	5.449373E-3
2.585352E-1	3.849539E-3	9.870922E-3	3.924165E-3
2.591406E-1	3.983777E-3	1.626985E-3	-1.163927E-3
2.597461E-1	7.894992E-3	8.955607E-3	4.119392E-3
2.603516E-1	4.044794E-3	3.970192E-3	3.875359E-3
2.609570E-1	5.094294E-3	7.326347E-3	3.497107E-3
2.615625E-1	9.133646E-3	1.006009E-2	4.503744E-3
2.621680E-1	4.642765E-3	3.323369E-3	2.203731E-3
2.627734E-1	4.868529E-3	3.805435E-3	3.911964E-3
2.633789E-1	5.332261E-3	5.062468E-3	4.485442E-3
2.639844E-1	2.098339E-3	2.115153E-3	-6.209531E-4
2.645898E-1	4.905140E-3	4.476666E-3	2.350151E-3
2.651953E-1	4.221745E-3	5.989987E-3	4.253610E-3
2.658008E-1	2.922074E-3	9.928700E-6	1.715665E-3
2.664063E-1	8.938390E-3	9.816003E-3	2.447764E-3
2.670117E-1	3.507841E-3	5.294347E-3	2.447764E-3
2.676172E-1	4.276660E-3	5.623861E-3	1.361817E-3
2.682227E-1	4.526832E-3	5.617759E-3	3.936367E-3
2.688281E-1	5.051581E-3	7.979271E-3	2.039009E-3
2.694336E-1	4.313271E-3	3.494228E-3	7.822378E-4
2.700391E-1	2.531563E-3	8.308785E-3	6.108262E-3
2.706445E-1	5.930232E-3	3.970192E-3	3.832653E-3
2.712500E-1	6.271929E-3	8.443031E-3	2.832117E-3
2.718555E-1	6.393964E-3	7.838923E-3	3.698434E-3
2.724609E-1	3.709199E-3	4.110540E-3	2.466067E-3
2.730664E-1	4.172931E-3	7.747392E-3	5.126029E-3
2.736719E-1	5.350567E-3	6.307296E-3	2.423361E-3
2.742773E-1	3.593266E-3	4.202071E-3	-5.355415E-4
2.748828E-1	3.581062E-3	5.697086E-3	3.722838E-3
2.754883E-1	3.532416E-4	4.037315E-3	3.173763E-3
2.760937E-1	2.067831E-3	3.128102E-3	4.954987E-4
2.766992E-1	5.997351E-3	8.406418E-3	1.038473E-3
2.773047E-1	2.256985E-3	2.700955E-3	2.362353E-3
2.779102E-1	4.038693E-3	6.154743E-3	4.107190E-3
2.785156E-1	3.318687E-3	6.051008E-3	5.132130E-3
2.791211E-1	4.972259E-3	5.288245E-3	-4.769320E-6
2.797266E-1	3.532248E-3	3.024366E-3	-2.307181E-5
2.803320E-1	2.488851E-3	6.807668E-3	5.711708E-3
2.809375E-1	3.288179E-3	3.256246E-3	1.026271E-3
2.815430E-1	6.503796E-3	7.430082E-3	1.544842E-3
2.821484E-1	4.063100E-3	6.819872E-3	2.161025E-3
2.827539E-1	2.641394E-3	2.365339E-3	3.301881E-3
2.833594E-1	5.570229E-3	7.009037E-3	6.815959E-3
2.839648E-1	3.776318E-3	5.703188E-3	3.966871E-3
2.845703E-1	3.001397E-3	7.625350E-3	8.676494E-4
2.851758E-1	4.081405E-3	6.661218E-3	3.881459E-3
2.857812E-1	1.634607E-3	1.419514E-3	1.453329E-3
2.863867E-1	4.441407E-3	4.220378E-3	2.594184E-3
2.869922E-1	3.666486E-3	9.706166E-3	2.899226E-3
2.875977E-1	5.313956E-3	2.084643E-3	4.649946E-4
2.882031E-1	6.082776E-3	4.116642E-3	2.990738E-3
2.888086E-1	5.332261E-3	7.094467E-3	6.547522E-3
2.894141E-1	2.043424E-3	4.476666E-3	-1.694917E-4
2.900195E-1	6.436676E-3	6.002191E-3	1.721548E-4
2.906250E-1	6.015656E-3	4.928221E-3	3.667930E-3
2.912305E-1	2.238679E-3	1.517147E-3	1.636354E-3
2.918359E-1	4.966157E-3	9.474286E-3	5.577490E-3
2.924414E-1	3.800725E-3	6.313398E-3	2.002404E-3
2.930469E-1	5.033276E-3	4.061723E-3	2.057311E-3
2.936523E-1	6.528203E-3	9.468184E-3	7.810394E-3
2.942578E-1	1.909185E-3	1.010673E-3	3.118856E-3
2.948633E-1	6.631932E-3	7.967067E-3	-9.628177E-5
2.954688E-1	7.004138E-3	7.308040E-3	3.466603E-3
2.960742E-1	3.214958E-3	1.864967E-3	1.508237E-3
2.966797E-1	5.277346E-3	3.323369E-3	3.881459E-3
2.972852E-1	4.697681E-3	8.479644E-3	2.917528E-3
2.978906E-1	3.330891E-3	1.864967E-3	-1.218834E-3
2.984961E-1	5.381075E-3	7.979271E-3	4.381727E-3
2.991016E-1	4.197338E-3	4.690239E-3	5.852027E-3
2.997070E-1	3.123432E-3	3.951885E-3	-4.318274E-4
3.003125E-1	6.894307E-3	8.534562E-3	1.679060E-3
3.009180E-1	2.342409E-3	4.019008E-3	3.289679E-3
3.015234E-1	3.587164E-3	3.573555E-3	3.277477E-3
3.021289E-1	5.381075E-3	8.150130E-3	4.314618E-3
3.027344E-1	3.160042E-3	3.439309E-3	-1.066314E-3
3.033398E-1	5.667857E-3	6.234071E-3	2.844318E-3
3.039453E-1	5.301753E-3	1.100591E-2	7.523655E-3
3.045508E-1	4.063100E-3	1.596475E-3	1.520438E-3
3.051563E-1	8.913983E-3	1.049334E-2	2.295244E-3
3.057617E-1	3.983777E-3	7.582635E-3	4.168198E-3
3.063672E-1	1.237994E-3	2.212787E-3	9.469602E-4
3.069727E-1	4.789207E-3	4.019008E-3	4.149896E-3
3.075781E-1	4.758698E-3	9.053241E-3	2.917528E-3
3.081836E-1	3.288347E-4	2.102949E-3	-2.390194E-3
3.087891E-1	3.221059E-3	8.430827E-3	5.388364E-3
3.093945E-1	4.148524E-3	3.469819E-3	4.369526E-3
3.100000E-1	4.728189E-3	3.799333E-3	1.331510E-6
3.106055E-1	5.747180E-3	1.063979E-2	3.686233E-3
3.112109E-1	1.225790E-3	7.970996E-4	4.039863E-4
3.118164E-1	5.088192E-3	3.707801E-3	1.496035E-3
3.124219E-1	4.850224E-3	6.594095E-3	3.893661E-3
3.130273E-1	1.048840E-3	4.299705E-3	-1.505573E-3
3.136328E-1	3.648181E-3	6.758851E-3	4.741676E-3
3.142383E-1	4.984462E-3	8.900688E-3	5.827624E-3
3.148437E-1	2.202069E-3	-2.707679E-4	1.849883E-3
3.154492E-1	4.777003E-3	7.960965E-3	2.789411E-3
3.160547E-1	3.800725E-3	3.170817E-3	1.520438E-3
3.166602E-1	5.082090E-3	3.036570E-3	9.469602E-4
3.172656E-1	4.118015E-3	4.012906E-3	4.143795E-3
3.178711E-1	2.580377E-3	6.288990E-3	1.788875E-3
3.184766E-1	5.631247E-3	5.141795E-3	1.843564E-4
3.190820E-1	7.382446E-3	1.055436E-2	5.815423E-3
3.196875E-1	9.756191E-4	-9.380700E-5	2.405059E-3
3.202930E-1	3.294280E-3	6.612401E-3	3.131057E-3
3.208984E-1	5.612942E-3	9.224100E-3	3.539813E-3
3.215039E-1	4.227847E-3	1.712415E-3	3.856838E-4
3.221094E-1	5.808197E-3	7.430082E-3	5.260247E-3
3.227148E-1	2.049525E-3	5.337062E-3	5.577490E-3
3.233203E-1	1.701726E-3	1.041184E-3	-2.786748E-3
3.239258E-1	7.052952E-3	6.124233E-3	1.910891E-3
3.245312E-1	4.246152E-3	6.173050E-3	3.863157E-3
3.251367E-1	3.080719E-3	1.389003E-3	2.722302E-3
3.257422E-1	8.944492E-3	1.178698E-2	4.125493E-3
3.263477E-1	4.746494E-3	3.921375E-3	2.100017E-3
3.269531E-1	3.898353E-3	2.719261E-3	2.594184E-3
3.275586E-1	3.483434E-3	6.008293E-3	6.315691E-3
3.281641E-1	2.763429E-3	3.878660E-3	1.465531E-3
3.287695E-1	4.581747E-3	4.739056E-3	-1.011406E-3
3.293750E-1	3.953268E-3	7.564329E-3	5.193138E-3
3.299805E-1	3.776318E-3	3.903069E-3	3.454401E-3
3.305859E-1	5.405482E-3	6.386623E-3	3.759443E-3
3.311914E-1	4.294966E-3	7.021242E-3	1.282506E-3
3.317969E-1	4.002082E-3	3.577484E-4	-3.098108E-4
3.324023E-1	7.632617E-3	9.181385E-3	6.157069E-3
3.330078E-1	3.391908E-3	3.134204E-3	2.734503E-3
3.336133E-1	5.393279E-3	3.805435E-3	-2.512210E-3
3.342188E-1	6.546508E-3	6.960221E-3	3.131057E-3
3.348242E-1	2.751225E-3	3.872558E-3	3.436099E-3
3.354297E-1	3.038007E-3	1.724619E-3	3.240872E-3
3.360352E-1	6.162098E-3	1.277552E-2	5.919137E-3
3.366406E-1	3.855640E-3	5.166203E-3	1.776673E-3
3.372461E-1	4.618358E-3	7.857229E-3	4.869794E-3
3.378516E-1	3.721402E-3	6.313398E-3	6.486514E-3
3.384570E-1	1.701726E-3	1.675802E-3	-2.793067E-4
3.390625E-1	6.552609E-3	7.167692E-3	4.405913E-4
3.396680E-1	3.800725E-3	6.179152E-3	4.607458E-3
3.402734E-1	3.404112E-3	1.010673E-3	4.527929E-4
3.408789E-1	5.124802E-3	5.086876E-3	3.905863E-3
3.414844E-1	4.862428E-3	1.004788E-2	2.514873E-3
3.420898E-1	2.824446E-3	3.842048E-3	1.331510E-6
3.426953E-1	5.985148E-3	7.344653E-3	4.961306E-3
3.433008E-1	3.050211E-3	-5.453624E-4	2.679596E-3
3.439063E-1	3.068516E-3	6.411032E-3	8.188427E-4
3.445117E-1	3.959370E-3	7.649758E-3	3.259175E-3
3.451172E-1	4.551239E-3	4.708546E-3	1.587547E-3
3.457227E-1	4.966157E-3	4.061723E-3	3.869258E-3
3.463281E-1	3.989879E-3	1.034689E-2	5.193138E-3
3.469336E-1	8.718895E-4	3.884762E-3	-1.816934E-4
3.475391E-1	5.661755E-3	7.338551E-3	2.765008E-3
3.481445E-1	5.320058E-3	5.861843E-3	4.015678E-3
3.487500E-1	1.347825E-3	1.803946E-3	9.286577E-4
3.493555E-1	5.295651E-3	8.241662E-3	1.660757E-3
3.499609E-1	4.288864E-3	5.453002E-3	2.081715E-3
3.505664E-1	2.067831E-3	2.926733E-3	1.435027E-3
3.511719E-1	2.763429E-3	6.282888E-3	6.437707E-3
3.517773E-1	1.317317E-3	6.935812E-3	1.697362E-3
3.523828E-1	4.758698E-3	5.825230E-3	1.770572E-3
3.529883E-1	5.863113E-3	1.206768E-2	5.943540E-3
3.535937E-1	3.349364E-4	-7.162212E-4	1.978000E-3
3.541992E-1	4.777003E-3	5.898455E-3	4.100871E-4
3.548047E-1	4.935648E-3	5.068570E-3	1.868185E-3
3.554102E-1	3.648181E-3	3.628474E-3	3.551797E-4
3.560156E-1	3.269873E-3	2.670444E-3	2.838217E-3
3.566211E-1	6.302438E-3	8.784749E-3	5.132130E-3
3.572266E-1	4.551239E-3	2.499586E-3	-1.542178E-3
3.578320E-1	5.576331E-3	1.045672E-2	4.204803E-3
3.584375E-1	3.312586E-3	8.803055E-3	6.870866E-3
3.590430E-1	2.116645E-3	7.705180E-5	1.056775E-3
3.596484E-1	6.162098E-3	7.216509E-3	3.686233E-3
3.602539E-1	1.768845E-3	2.383646E-3	2.600285E-3
3.608594E-1	2.202069E-3	3.903069E-3	3.173763E-3
3.614648E-1	5.021073E-3	4.342420E-3	3.777745E-3
3.620703E-1	6.076674E-3	3.677291E-3	-9.870029E-4
3.626758E-1	7.522786E-3	8.009782E-3	3.747241E-3
3.632812E-1	3.989879E-3	7.051752E-3	4.680668E-3
3.638867E-1	4.252254E-3	2.212787E-3	1.807177E-3
3.644922E-1	6.497694E-3	6.880893E-3	2.618588E-3
3.650977E-1	4.435306E-3	2.884018E-3	1.727866E-3
3.657031E-1	1.433250E-3	2.127357E-3	1.380119E-3
3.663086E-1	5.124802E-3	5.343164E-3	4.979609E-3
3.669141E-1	3.526146E-3	6.026599E-3	3.149360E-3
3.675195E-1	3.782420E-3	2.060234E-3	-2.793067E-4
3.681250E-1	7.376344E-3	9.571919E-3	6.553623E-3
3.687305E-1	3.001397E-3	3.207429E-3	1.740068E-3
3.693359E-1	5.741078E-3	6.057110E-3	1.794976E-3
3.699414E-1	5.875316E-3	1.236058E-2	4.491542E-3
3.705469E-1	3.727504E-3	1.309676E-3	3.978855E-4
3.711523E-1	5.649552E-3	4.336318E-3	2.618588E-3
3.717578E-1	4.002082E-3	6.307296E-3	5.010113E-3
3.723633E-1	2.464444E-3	4.775669E-3	5.321037E-4
3.729688E-1	3.513943E-3	5.074672E-3	2.075614E-3
3.735742E-1	3.806826E-3	6.435440E-3	3.576418E-3
3.741797E-1	3.275975E-3	3.396594E-3	2.563680E-3
3.747852E-1	4.557341E-3	1.153680E-2	4.827088E-3
3.753906E-1	4.203440E-3	5.989987E-3	1.733967E-3
3.759961E-1	2.842752E-3	2.054132E-3	3.490788E-4
3.766016E-1	5.271244E-3	7.167692E-3	5.034516E-3
3.772070E-1	2.543766E-3	3.957987E-3	8.859519E-4
3.778125E-1	4.050896E-3	7.027344E-3	2.270622E-4
3.784180E-1	6.375659E-3	7.735187E-3	4.149896E-3
3.790234E-1	3.751911E-3	4.452258E-3	2.112219E-3
3.796289E-1	5.979046E-3	9.309529E-3	6.163170E-3
3.802344E-1	4.002082E-3	1.032248E-2	2.368454E-3
3.808398E-1	5.790060E-4	5.164030E-4	-1.163927E-3
3.814453E-1	5.490907E-3	9.089854E-3	4.979609E-3
3.820508E-1	2.128848E-3	5.263837E-3	5.485978E-3
3.826562E-1	1.652912E-3	4.891609E-3	2.453647E-4
3.832617E-1	5.381075E-3	5.654371E-3	1.990202E-3
3.838672E-1	3.922760E-3	5.593350E-3	2.716201E-3
3.844727E-1	3.678690E-3	1.279166E-3	2.734503E-3
3.850781E-1	4.557341E-3	9.816003E-3	4.735576E-3
3.856836E-1	4.362085E-3	6.404930E-3	-7.797928E-5
3.862891E-1	4.227847E-3	6.319500E-3	1.672959E-3
3.868945E-1	2.818345E-3	4.311909E-3	3.698434E-3
3.875000E-1	1.445453E-3	5.835261E-4	5.748095E-4
3.881055E-1	3.794623E-3	8.497950E-3	1.587547E-3
3.887109E-1	4.215643E-3	7.997578E-3	3.692334E-3
3.893164E-1	4.526832E-3	5.947272E-3	2.124420E-3
3.899219E-1	4.551239E-3	6.459848E-3	5.815423E-3
3.905273E-1	4.496323E-3	9.346142E-3	2.960234E-3
3.911328E-1	3.764114E-3	4.147153E-3	1.300808E-3
3.917383E-1	6.656339E-3	8.076905E-3	3.863157E-3
3.923437E-1	4.008184E-3	1.968703E-3	3.692334E-3
3.929492E-1	5.869215E-3	7.771800E-3	1.752270E-3
3.935547E-1	6.735662E-3	5.465206E-3	1.965581E-4
3.941602E-1	4.825817E-3	3.616270E-3	6.114145E-4
3.947656E-1	3.758013E-3	5.434696E-3	4.430534E-3
3.953711E-1	4.355983E-3	6.667320E-3	5.583591E-3
3.959766E-1	5.295651E-3	5.263837E-3	1.642455E-3
3.965820E-1	4.343780E-3	5.160101E-3	3.381191E-3
3.971875E-1	2.970888E-3	7.680268E-3	5.205340E-3
3.977930E-1	3.550553E-3	2.060234E-3	1.337413E-3
3.983984E-1	7.583804E-3	8.107415E-3	9.286577E-4
3.990039E-1	4.575646E-3	3.060979E-3	1.868185E-3
3.996094E-1	4.795308E-3	5.422491E-3	3.436099E-3
4.002148E-1	4.886834E-3	3.018264E-3	4.814886E-3
4.008203E-1	6.619729E-3	8.107415E-3	2.130521E-3
4.014258E-1	6.357354E-3	4.006804E-3	1.313010E-3
4.020313E-1	4.850224E-3	1.114016E-2	5.534784E-3
4.026367E-1	5.051581E-3	2.469075E-3	3.192066E-3
4.032422E-1	5.497008E-3	5.581146E-3	1.276405E-3
4.038477E-1	3.666486E-3	3.396594E-3	6.968261E-4
4.044531E-1	2.586478E-3	9.740605E-4	2.063412E-3
4.050586E-1	3.690893E-3	4.342420E-3	4.857592E-3
4.056641E-1	5.661755E-3	8.430827E-3	4.339022E-3
4.062695E-1	4.490221E-3	6.832077E-3	7.944394E-4
4.068750E-1	3.709199E-3	5.123489E-3	4.107190E-3
4.074805E-1	5.143108E-3	3.762720E-3	3.661830E-3
4.080859E-1	2.928176E-3	2.670444E-3	2.026807E-3
4.086914E-1	5.924130E-3	8.473541E-3	2.569781E-3
4.092969E-1	2.818345E-3	3.842048E-3	1.685161E-3
4.099023E-1	4.233948E-3	5.074672E-3	1.441127E-3
4.105078E-1	5.521415E-3	5.922864E-3	4.711172E-3
4.111133E-1	3.635978E-3	8.430827E-3	2.966335E-3
4.117188E-1	4.642765E-3	5.147897E-3	2.246437E-3
4.123242E-1	4.105812E-3	6.600197E-3	3.332385E-3
4.129297E-1	3.092923E-3	1.889376E-3	2.435563E-3
4.135352E-1	4.691579E-3	1.020654E-2	5.864229E-3
4.141406E-1	1.427148E-3	4.568197E-3	-6.148523E-4
4.147461E-1	3.770216E-3	3.067081E-3	3.978855E-4
4.153516E-1	4.642765E-3	6.911404E-3	4.796584E-3
4.159570E-1	6.645986E-5	1.633087E-3	2.905327E-3
4.165625E-1	3.965472E-3	4.830588E-3	-5.355415E-4
4.171680E-1	5.387177E-3	6.044906E-3	1.788875E-3
4.177734E-1	4.478018E-3	4.989242E-3	1.477732E-3
4.183789E-1	2.952583E-3	5.379777E-3	3.368990E-3
4.189844E-1	3.934963E-3	1.048723E-2	3.875359E-3
4.195898E-1	2.763429E-3	2.542300E-3	-3.342141E-4
4.201953E-1	3.745809E-3	7.399572E-3	3.210368E-3
4.208008E-1	2.635292E-3	4.568197E-3	5.144331E-3
4.214062E-1	2.507156E-3	4.403441E-3	6.541203E-4
4.220117E-1	5.930232E-3	1.001127E-2	3.002940E-3
4.226172E-1	6.454982E-3	9.669553E-3	3.606922E-3
4.232227E-1	4.142422E-3	4.080029E-3	2.581983E-3
4.238281E-1	4.715986E-3	6.984629E-3	3.930266E-3
4.244336E-1	5.606840E-3	5.068570E-3	8.127419E-4
4.250391E-1	2.623089E-3	3.628474E-3	1.252002E-3
4.256445E-1	6.076674E-3	8.314887E-3	3.911964E-3
4.262500E-1	5.661755E-3	5.245531E-3	3.039545E-3
4.268555E-1	6.869900E-3	6.990731E-3	4.954987E-4
4.274609E-1	5.545822E-3	4.098336E-3	3.594720E-3
4.280664E-1	2.134950E-3	5.587248E-3	3.710636E-3
4.286719E-1	3.947167E-3	4.379032E-3	4.674567E-3
4.292773E-1	4.691579E-3	6.319500E-3	1.508237E-3
4.298828E-1	3.904454E-3	4.989242E-3	1.550942E-3
4.304883E-1	5.625145E-3	1.012721E-2	5.235844E-3
4.310937E-1	3.989879E-3	2.408054E-3	1.941395E-3
4.316992E-1	8.291605E-3	6.130335E-3	1.087279E-3
4.323047E-1	7.345836E-3	7.289734E-3	3.021242E-3
4.329102E-1	4.166829E-3	5.269939E-3	3.021242E-3
4.335156E-1	7.223801E-3	6.014395E-3	3.850955E-3
4.341211E-1	6.204810E-3	8.430827E-3	4.284114E-3
4.347266E-1	2.970888E-3	5.025855E-3	1.239800E-3
4.353320E-1	1.451555E-3	2.792486E-3	1.788875E-3
4.359375E-1	4.941750E-3	5.861843E-3	2.935831E-3
4.365430E-1	3.666486E-3	3.335573E-3	2.258639E-3
4.371484E-1	4.166829E-3	9.846514E-3	2.642991E-3
4.377539E-1	5.063785E-3	4.433951E-3	3.063948E-3
4.383594E-1	5.942435E-3	5.031957E-3	2.191529E-3
4.389648E-1	1.951898E-3	3.213531E-3	3.057847E-3
4.395703E-1	2.952583E-3	7.588737E-3	1.563144E-3
4.401758E-1	3.666486E-3	1.193736E-3	-7.551714E-4
4.407813E-1	5.472602E-3	7.106671E-3	2.844318E-3
4.413867E-1	3.184449E-3	4.403441E-3	3.771644E-3
4.419922E-1	2.946481E-3	5.373675E-3	1.886488E-3
4.425977E-1	5.759383E-3	4.256990E-3	1.026271E-3
4.432031E-1	3.605469E-3	5.227224E-3	2.673495E-3
4.438086E-1	4.081405E-3	8.796953E-3	5.955742E-3
4.444141E-1	4.801410E-3	7.088365E-3	4.741676E-3
4.450195E-1	3.861742E-3	6.051008E-3	2.087597E-4
4.456250E-1	4.026489E-3	4.830588E-3	2.630789E-3
4.462305E-1	2.616987E-3	4.635321E-3	3.387292E-3
4.468359E-1	2.067831E-3	6.872618E-4	1.386220E-3
4.474414E-1	6.918714E-3	9.059343E-3	1.886488E-3
4.480469E-1	2.354612E-3	8.825290E-4	7.822378E-4
4.486523E-1	3.568859E-3	4.580402E-3	3.375091E-3
4.492578E-1	3.330891E-3	3.915273E-3	4.900298E-3
4.498633E-1	3.282077E-3	6.337806E-3	8.676494E-4
4.504687E-1	2.769531E-3	2.401952E-3	-2.488025E-4
4.510742E-1	4.075303E-3	6.008293E-3	3.918064E-3
4.516797E-1	2.897667E-3	9.740605E-4	2.093916E-3
4.522852E-1	3.440722E-3	6.667320E-3	1.733967E-3
4.528906E-1	5.161413E-3	7.436184E-3	1.813278E-3
4.534961E-1	3.416315E-3	3.073183E-3	1.624152E-3
4.541016E-1	5.228532E-3	6.923608E-3	4.522047E-3
4.547070E-1	4.667172E-3	5.867945E-3	3.948569E-3
4.553125E-1	4.148524E-3	9.156977E-3	2.478268E-3
4.559180E-1	3.910556E-3	6.685626E-3	3.002940E-3
4.565234E-1	4.850224E-3	7.625350E-3	4.400030E-3
4.571289E-1	3.794623E-3	2.993856E-3	3.619124E-3
4.577344E-1	2.629191E-3	5.739801E-3	9.591618E-4
4.583398E-1	3.031906E-3	5.813026E-3	1.581446E-3
4.589453E-1	7.022443E-3	8.449133E-3	3.234771E-3
4.595508E-1	6.302438E-3	6.148641E-3	4.290215E-3
4.601562E-1	4.172931E-3	5.794720E-3	1.538741E-3
4.607617E-1	7.693635E-3	8.589481E-3	2.649092E-3
4.613672E-1	3.617673E-3	4.842792E-3	2.496571E-3
4.619727E-1	4.142422E-3	1.547658E-3	1.581446E-3
4.625781E-1	3.965472E-3	6.862587E-3	3.326284E-3
4.631836E-1	2.012915E-3	5.111284E-3	5.931120E-4
4.637891E-1	5.277346E-3	6.441542E-3	2.222034E-3
4.643945E-1	8.108553E-3	1.048113E-2	5.998447E-3
4.650000E-1	3.733606E-3	2.987754E-3	3.192066E-3
4.656055E-1	3.837335E-3	6.301194E-3	2.301344E-3
4.662109E-1	5.039378E-3	5.904557E-3	3.570317E-3
4.668164E-1	4.380390E-3	4.702444E-3	1.465531E-3
4.674219E-1	5.112599E-3	2.969447E-3	3.655729E-3
4.680273E-1	5.094294E-3	1.001127E-2	4.284114E-3
4.686328E-1	2.684106E-3	1.736823E-3	-1.432364E-3
4.692383E-1	3.758013E-3	6.069314E-3	1.374018E-3
4.698438E-1	7.260411E-3	7.149386E-3	5.913036E-3
4.704492E-1	3.562757E-3	5.324858E-3	2.569781E-3
4.710547E-1	4.307169E-3	5.770311E-3	1.550942E-3
4.716602E-1	4.032591E-3	6.447644E-3	4.021778E-3
4.722656E-1	4.185134E-3	5.758107E-3	3.948569E-3
4.728711E-1	2.256985E-3	5.806924E-3	4.082787E-3
4.734766E-1	4.581747E-3	6.246275E-3	2.087597E-4
4.740820E-1	6.381761E-3	7.405674E-3	2.374554E-3
4.746875E-1	4.697681E-3	8.504052E-3	3.796048E-3
4.752930E-1	3.788521E-3	3.567453E-3	2.673495E-3
4.758984E-1	7.876687E-3	6.600197E-3	1.422825E-3
4.765039E-1	5.356668E-3	4.385134E-3	1.837681E-3
4.771094E-1	4.960055E-3	8.644400E-3	3.680132E-3
4.777148E-1	5.820401E-3	6.160846E-3	5.363961E-3
4.783203E-1	3.190551E-3	4.336318E-3	1.136086E-3
4.789258E-1	2.452240E-3	3.067081E-3	1.172473E-4
4.795313E-1	3.123432E-3	7.338551E-3	3.613023E-3
4.801367E-1	8.901948E-4	1.395105E-3	9.408593E-4
4.807422E-1	3.459027E-3	5.019753E-3	2.813814E-3
4.813477E-1	3.983777E-3	6.063212E-3	1.904790E-3
4.819531E-1	4.471916E-3	4.354624E-3	2.203731E-3
4.825586E-1	5.503110E-3	6.246275E-3	2.508773E-3
4.831641E-1	2.604784E-3	2.566709E-3	2.014605E-3
4.837695E-1	3.867844E-3	4.269195E-3	1.050456E-4
4.843750E-1	2.458342E-3	3.878660E-3	1.782774E-3
4.849805E-1	3.013600E-3	5.806924E-3	2.539277E-3
4.855859E-1	3.422417E-3	4.031213E-3	2.362353E-3
4.861914E-1	3.873946E-3	9.645145E-3	3.228671E-3
4.867969E-1	2.281391E-3	4.519381E-3	2.472168E-3
4.874023E-1	6.082776E-3	8.552869E-3	4.229207E-3
4.880078E-1	4.130219E-3	4.372930E-3	3.082251E-3
4.886133E-1	2.543766E-3	5.379777E-3	2.880705E-4
4.892187E-1	3.648181E-3	6.569686E-3	3.051747E-3
4.898242E-1	3.111228E-3	7.027344E-3	3.204267E-3
4.904297E-1	2.525461E-3	7.421807E-4	7.578344E-4
4.910352E-1	4.105812E-3	7.082263E-3	3.631325E-3
4.916406E-1	4.758698E-3	7.607043E-3	2.844318E-3
4.922461E-1	3.715300E-3	4.220378E-3	2.197630E-3
4.928516E-1	7.833975E-3	9.455980E-3	3.991274E-3
4.934570E-1	3.574960E-3	3.884762E-3	2.081715E-3
4.940625E-1	4.282762E-3	7.680268E-3	1.666858E-3
4.946680E-1	3.666486E-3	1.273063E-3	1.880387E-3
4.952734E-1	4.417000E-3	4.061723E-3	2.929730E-3
4.958789E-1	2.055627E-3	2.981651E-3	2.972436E-3
4.964844E-1	5.277346E-3	1.115847E-2	3.521510E-3
4.970898E-1	5.558026E-3	5.160101E-3	1.978000E-3
4.976953E-1	8.517370E-3	1.021874E-2	5.217541E-3
4.983008E-1	3.080719E-3	1.529352E-3	1.959698E-3
4.989062E-1	3.080719E-3	4.818384E-3	1.898690E-3
4.995117E-1	3.788521E-3	4.421747E-3	1.788875E-3
5.001172E-1	4.941750E-3	3.408798E-3	1.984101E-3
5.007227E-1	6.052267E-3	4.275297E-3	3.979073E-3
5.013281E-1	4.911241E-3	8.595583E-3	4.973508E-3
5.019336E-1	5.082090E-3	4.769567E-3	-4.562307E-4
5.025391E-1	6.955324E-3	7.710779E-3	3.039545E-3
5.031445E-1	6.967528E-3	9.041037E-3	6.785454E-3
5.037500E-1	3.928861E-3	1.602577E-3	3.149360E-3
5.043555E-1	4.630561E-3	7.552124E-3	7.212295E-4
5.049609E-1	6.290235E-3	4.031213E-3	4.466921E-4
5.055664E-1	3.904454E-3	4.757363E-3	1.227598E-3
5.061719E-1	5.094294E-3	5.215020E-3	4.235308E-3
5.067773E-1	4.709884E-3	8.021986E-3	2.575882E-3
5.073828E-1	3.556655E-3	4.385134E-3	5.321037E-4
5.079883E-1	9.023814E-3	1.434376E-2	7.938511E-3
5.085937E-1	4.349881E-3	6.203560E-3	4.662366E-3
5.091992E-1	4.929547E-3	4.989242E-3	2.466067E-3
5.098047E-1	6.979731E-3	7.686371E-3	1.868185E-3
5.104102E-1	4.337678E-3	6.923608E-3	3.582519E-3
5.110156E-1	6.363456E-3	6.459848E-3	2.771108E-3
5.116211E-1	3.983777E-3	3.408798E-3	3.454401E-3
5.122266E-1	5.216328E-3	5.880149E-3	1.166590E-3
5.128320E-1	2.208171E-3	6.270683E-3	3.741140E-3
5.134375E-1	1.848168E-3	9.736676E-3	4.759979E-3
5.140430E-1	3.989879E-3	2.304318E-3	9.957668E-4
5.146484E-1	4.868529E-3	7.478899E-3	1.923093E-3
5.152539E-1	-7.389698E-4	2.540127E-4	9.774643E-4
5.158594E-1	1.231892E-3	5.245531E-3	2.874822E-3
5.164648E-1	3.916658E-3	3.085387E-3	2.398958E-3
5.170703E-1	2.080034E-3	3.286756E-3	-1.999959E-4
5.176758E-1	2.006813E-3	4.330216E-3	2.008505E-3
5.182813E-1	4.709884E-3	1.086556E-2	5.412768E-3
5.188867E-1	4.337678E-3	2.731465E-3	7.822378E-4
5.194922E-1	6.259726E-3	6.063212E-3	2.179328E-3
5.200977E-1	3.660385E-3	7.784004E-3	3.796048E-3
5.207031E-1	1.109857E-3	1.858865E-3	1.648556E-3
5.213086E-1	5.551924E-3	5.355368E-3	1.569245E-3
5.219141E-1	3.794623E-3	5.989987E-3	3.484905E-3
5.225195E-1	1.823761E-3	4.549891E-3	-3.952224E-4
5.231250E-1	4.569544E-3	6.996833E-3	4.753878E-3
5.237305E-1	5.387177E-3	8.864076E-3	4.784382E-3
5.243359E-1	3.831233E-3	3.353880E-3	1.416724E-3
5.249414E-1	5.191921E-3	1.054215E-2	4.979609E-3
5.255469E-1	3.617673E-3	2.780282E-3	2.496571E-3
5.261523E-1	5.295651E-3	4.281399E-3	1.581446E-3
5.267578E-1	4.905140E-3	4.671933E-3	2.905327E-3
5.273633E-1	2.623089E-3	3.176919E-3	4.222888E-4
5.279687E-1	7.632617E-3	2.938937E-3	7.273303E-4
5.285742E-1	7.504481E-3	6.734443E-3	4.186501E-3
5.291797E-1	5.362770E-3	4.769567E-3	3.753342E-3
5.297852E-1	4.770901E-3	8.455235E-3	4.552551E-3
5.303906E-1	4.423102E-3	6.893098E-3	3.564216E-3
5.309961E-1	4.880733E-3	2.865712E-3	8.249436E-4
5.316016E-1	5.313956E-3	7.680268E-3	5.656801E-3
5.322070E-1	1.866473E-3	2.731465E-3	3.228671E-3
5.328125E-1	3.141737E-3	4.793975E-3	-3.037100E-4
5.334180E-1	5.381075E-3	4.952630E-3	3.619124E-3
5.340234E-1	4.374288E-3	3.909171E-3	3.106654E-3
5.346289E-1	5.246837E-3	4.507176E-3	3.368990E-3
5.352344E-1	6.949223E-3	1.224464E-2	5.144331E-3
5.358398E-1	1.890880E-3	-9.175905E-4	-2.262076E-3
5.364453E-1	5.204125E-3	4.684137E-3	2.039009E-3
5.370508E-1	3.684792E-3	5.257735E-3	5.443272E-3
5.376562E-1	3.812928E-3	2.993856E-3	3.793649E-5
5.382617E-1	7.162783E-3	6.465951E-3	1.172473E-4
5.388672E-1	4.471916E-3	6.886995E-3	3.991274E-3
5.394727E-1	1.659014E-3	4.916017E-3	2.545378E-3
5.400781E-1	4.343780E-3	7.448389E-3	4.601357E-3
5.406836E-1	4.691579E-3	9.877024E-3	4.436635E-3
5.412891E-1	4.911241E-3	3.982396E-3	2.057311E-3
5.418945E-1	5.869215E-3	1.165884E-2	6.358396E-3
5.425000E-1	3.910556E-3	2.438565E-3	1.550942E-3
5.431055E-1	6.589220E-3	6.209662E-3	-5.477432E-4
5.437109E-1	3.031906E-3	3.842048E-3	2.527075E-3
5.443164E-1	8.413808E-4	1.547658E-3	7.456328E-4
5.449219E-1	7.150580E-3	7.906046E-3	4.973508E-3
5.455273E-1	5.808197E-3	1.115847E-2	4.930802E-3
5.461328E-1	3.086821E-3	5.575044E-3	1.715665E-3
5.467383E-1	5.381075E-3	1.243991E-2	8.042225E-3
5.473438E-1	2.372918E-3	3.854252E-3	3.240872E-3
5.479492E-1	2.604784E-3	8.703248E-4	-2.658630E-3
5.485547E-1	4.069201E-3	6.636809E-3	1.184893E-3
5.491602E-1	2.122746E-3	4.385134E-3	3.137158E-3
5.497656E-1	3.123432E-3	1.425616E-3	-2.243992E-4
5.503711E-1	7.022443E-3	9.034935E-3	4.033980E-3
5.509766E-1	5.728875E-3	8.687115E-3	2.569781E-3
5.515820E-1	3.373603E-3	4.659729E-3	3.393393E-3
5.521875E-1	6.705153E-3	1.085336E-2	6.718345E-3
5.527930E-1	3.367501E-3	9.984689E-4	1.496035E-3
5.533984E-1	3.977675E-3	7.552124E-3	2.478268E-3
5.540039E-1	2.171560E-3	2.383646E-3	2.344050E-3
5.546094E-1	3.202754E-3	5.031957E-3	2.850419E-3
5.552148E-1	7.089563E-3	8.125722E-3	5.370062E-3
5.558203E-1	4.258355E-3	8.693217E-3	3.082251E-3
5.564258E-1	4.197338E-3	5.922864E-3	1.959698E-3
5.570312E-1	4.313271E-3	7.845025E-3	4.241408E-3
5.576367E-1	3.001397E-3	1.999213E-3	1.325212E-3
5.582422E-1	3.465129E-3	1.895478E-3	-9.992046E-4
5.588477E-1	4.801410E-3	7.631452E-3	2.380655E-3
5.594531E-1	3.617673E-3	2.774180E-3	2.319647E-3
5.600586E-1	6.332947E-3	5.489615E-3	2.490470E-3
5.606641E-1	6.021758E-3	9.651247E-3	4.997911E-3
5.612695E-1	3.886149E-3	4.415645E-3	5.382046E-4
5.618750E-1	6.052267E-3	4.812281E-3	4.753878E-3
5.624805E-1	5.460398E-3	7.314142E-3	6.657337E-3
5.630859E-1	3.214958E-3	2.469075E-3	3.606922E-3
5.636914E-1	3.654283E-3	7.552124E-3	2.417260E-3
5.642969E-1	5.887520E-3	6.081518E-3	2.466067E-3
5.649023E-1	5.588535E-3	3.427105E-3	1.691261E-3
5.655078E-1	5.832604E-3	5.977783E-3	4.949105E-3
5.661133E-1	3.239365E-3	6.124233E-3	2.032908E-3
5.667188E-1	5.356668E-3	4.574300E-3	4.344904E-4
5.673242E-1	5.442093E-3	5.977783E-3	5.156533E-3
5.679297E-1	3.501739E-3	4.592606E-3	4.912500E-3
5.685352E-1	3.629876E-3	4.562095E-3	2.716201E-3
5.691406E-1	5.313956E-3	8.443031E-3	2.508773E-3
5.697461E-1	2.073932E-3	-7.711401E-4	-7.002639E-4
5.703516E-1	3.947167E-3	3.713903E-3	3.039545E-3
5.709570E-1	1.140366E-3	1.807875E-4	2.527075E-3
5.715625E-1	5.643450E-3	6.508665E-3	-4.747513E-5
5.721680E-1	8.383131E-3	8.522358E-3	4.149896E-3
5.727734E-1	4.770901E-3	7.613145E-3	4.509845E-3
5.733789E-1	5.088192E-3	4.665831E-3	3.429998E-3
5.739844E-1	5.826502E-3	1.143306E-2	4.833189E-3
5.745898E-1	1.848168E-3	1.431718E-3	1.660539E-4
5.751953E-1	3.568859E-3	3.012162E-3	1.941395E-3
5.758008E-1	3.916658E-3	6.728341E-3	6.376699E-3
5.764063E-1	3.672588E-3	5.251633E-3	1.910891E-3
5.770117E-1	5.612942E-3	8.308785E-3	1.282506E-3
5.776172E-1	5.381075E-3	8.632196E-3	6.321791E-3
5.782227E-1	2.360714E-3	3.445411E-3	3.070049E-3
5.788281E-1	5.021073E-3	5.758107E-3	3.314082E-3
5.794336E-1	5.240735E-3	8.180641E-3	9.591618E-4
5.800391E-1	2.305798E-3	8.215080E-4	1.963400E-5
5.806445E-1	2.256985E-3	5.245531E-3	2.789411E-3
5.812500E-1	4.124117E-3	4.586504E-3	3.753342E-3
5.818555E-1	4.880733E-3	6.209662E-3	-1.755708E-3
5.824609E-1	3.581062E-3	5.959476E-3	2.801612E-3
5.830664E-1	2.861057E-3	6.282888E-3	5.290751E-3
5.836719E-1	3.111228E-3	3.768822E-3	2.966335E-3
5.842773E-1	4.624460E-3	1.026146E-2	3.027343E-3
5.848828E-1	2.818345E-3	6.246275E-3	4.344904E-4
5.854883E-1	6.076674E-3	1.009060E-2	5.711708E-3
5.860937E-1	3.995980E-3	6.264581E-3	5.534784E-3
5.866992E-1	1.976304E-3	2.054132E-3	1.050456E-4
5.873047E-1	7.614312E-3	1.167714E-2	2.429462E-3
5.879102E-1	4.191236E-3	3.677291E-3	2.020706E-3
5.885156E-1	2.269188E-3	1.193736E-3	1.288607E-3
5.891211E-1	6.589220E-3	9.254610E-3	6.010649E-3
5.897266E-1	3.751911E-3	9.425469E-3	5.992129E-4
5.903320E-1	2.293595E-3	4.226480E-3	2.453647E-4
5.909375E-1	3.501739E-3	6.874791E-3	4.881996E-3
5.915430E-1	3.532416E-4	-4.721372E-4	2.569781E-3
5.921484E-1	3.324789E-3	4.861098E-3	-7.797928E-5
5.927539E-1	5.338363E-3	6.832077E-3	1.447228E-3
5.933594E-1	3.733606E-3	3.781027E-3	1.563144E-3
5.939648E-1	6.705153E-3	6.771056E-3	5.839826E-3
5.945703E-1	5.350567E-3	1.061538E-2	5.241944E-3
5.951758E-1	4.722087E-3	5.147897E-3	-1.334750E-3
5.957813E-1	6.491592E-3	6.197458E-3	2.826016E-3
5.963867E-1	4.020387E-3	2.414156E-3	4.393929E-3
5.969922E-1	1.408843E-3	1.474433E-3	1.300808E-3
5.975977E-1	4.368187E-3	8.485746E-3	2.142723E-3
5.982031E-1	4.526832E-3	5.196714E-3	2.453865E-3
5.988086E-1	6.088877E-3	6.612401E-3	4.326820E-3
5.994141E-1	5.716671E-3	6.600197E-3	7.267420E-3
6.000195E-1	2.635292E-3	7.106671E-3	1.532640E-3
6.006250E-1	4.551239E-3	3.573555E-3	8.064230E-5
6.012305E-1	4.618358E-3	7.314142E-3	3.881459E-3
6.018359E-1	2.012915E-3	-2.247848E-3	5.199021E-4
6.024414E-1	6.418371E-3	7.234815E-3	2.392857E-3
6.030469E-1	4.966157E-3	3.280654E-3	1.398422E-3
6.036523E-1	3.306484E-3	3.152510E-3	7.517336E-4
6.042578E-1	6.052267E-3	6.130335E-3	6.187573E-3
6.048633E-1	4.325474E-3	5.367573E-3	4.357324E-3
